Optimal L:
 [[2.01812158 0.25501406 1.51574885 0.         0.         0.24735882
  0.         0.        ]
 [0.25501406 1.17316204 0.         0.         0.         0.
  0.82675121 0.        ]
 [1.51574885 0.         1.51574942 0.         0.         0.
  0.         0.        ]
 [0.         0.         0.         0.58004135 0.56909759 0.
  0.         0.        ]
 [0.         0.         0.         0.56909759 0.56909799 0.
  0.         0.        ]
 [0.24735882 0.         0.         0.         0.         0.40032212
  0.         0.        ]
 [0.         0.82675121 0.         0.         0.         0.
  1.24887331 0.42212193]
 [0.         0.         0.         0.         0.         0.
  0.42212193 0.49463219]]
trace:  8.000000000092273
