Optimal L:
 [[2.34709549 0.17112676 2.1024882  0.         0.         0.
  0.         0.        ]
 [0.17112676 1.19177148 0.         0.         0.         0.
  1.02064401 0.        ]
 [2.1024882  0.         2.10248917 0.         0.         0.
  0.         0.        ]
 [0.         0.         0.         0.38112409 0.3811233  0.
  0.         0.        ]
 [0.         0.         0.         0.3811233  0.38112409 0.
  0.         0.        ]
 [0.         0.         0.         0.         0.         0.
  0.         0.        ]
 [0.         1.02064401 0.         0.         0.         0.
  1.27177898 0.2511345 ]
 [0.         0.         0.         0.         0.         0.
  0.2511345  0.2511354 ]]
trace:  7.9265187177128755
