Optimal L:
 [[2.04922898 0.25232196 1.5535928  0.         0.         0.24331069
  0.         0.        ]
 [0.25232196 1.17274755 0.         0.         0.         0.
  0.84141317 0.        ]
 [1.5535928  0.         1.55360199 0.         0.         0.
  0.         0.        ]
 [0.         0.         0.         0.56343682 0.56342896 0.
  0.         0.        ]
 [0.         0.         0.         0.56342896 0.56343679 0.
  0.         0.        ]
 [0.24331069 0.         0.         0.         0.         0.36977771
  0.         0.        ]
 [0.         0.84141317 0.         0.         0.         0.
  1.26086427 0.41944537]
 [0.         0.         0.         0.         0.         0.
  0.41944537 0.46690589]]
trace:  7.999999996626267
