Optimal L:
 [[1.80065939 0.27108058 1.25380261 0.         0.         0.27577613
  0.         0.        ]
 [0.27108058 1.17348687 0.         0.         0.         0.1761894
  0.7262168  0.        ]
 [1.25380261 0.         1.25380286 0.         0.         0.
  0.         0.        ]
 [0.         0.         0.         0.71629049 0.59667809 0.
  0.         0.11961229]
 [0.         0.         0.         0.59667809 0.59667831 0.
  0.         0.        ]
 [0.27577613 0.1761894  0.         0.         0.         0.60113155
  0.         0.1491659 ]
 [0.         0.7262168  0.         0.         0.         0.
  1.1576946  0.43147765]
 [0.         0.         0.         0.11961229 0.         0.1491659
  0.43147765 0.70025592]]
trace:  7.99999999992453
