Optimal L:
 [[3.99999991 0.         4.00000058 0.         0.         0.
  0.         0.        ]
 [0.         0.         0.         0.         0.         0.
  0.         0.        ]
 [4.00000058 0.         4.00000086 0.         0.         0.
  0.         0.        ]
 [0.         0.         0.         0.         0.         0.
  0.         0.        ]
 [0.         0.         0.         0.         0.         0.
  0.         0.        ]
 [0.         0.         0.         0.         0.         0.
  0.         0.        ]
 [0.         0.         0.         0.         0.         0.
  0.         0.        ]
 [0.         0.         0.         0.         0.         0.
  0.         0.        ]]
trace:  8.000000770574923
