Optimal L:
 [[3.99999908 0.         3.9999987  0.         0.         0.
  0.         0.        ]
 [0.         0.         0.         0.         0.         0.
  0.         0.        ]
 [3.9999987  0.         3.99999918 0.         0.         0.
  0.         0.        ]
 [0.         0.         0.         0.         0.         0.
  0.         0.        ]
 [0.         0.         0.         0.         0.         0.
  0.         0.        ]
 [0.         0.         0.         0.         0.         0.
  0.         0.        ]
 [0.         0.         0.         0.         0.         0.
  0.         0.        ]
 [0.         0.         0.         0.         0.         0.
  0.         0.        ]]
trace:  7.999998268398368
