Optimal L:
 [[4.00000029 0.         4.00000039 0.         0.         0.
  0.         0.        ]
 [0.         0.         0.         0.         0.         0.
  0.         0.        ]
 [4.00000039 0.         4.00000069 0.         0.         0.
  0.         0.        ]
 [0.         0.         0.         0.         0.         0.
  0.         0.        ]
 [0.         0.         0.         0.         0.         0.
  0.         0.        ]
 [0.         0.         0.         0.         0.         0.
  0.         0.        ]
 [0.         0.         0.         0.         0.         0.
  0.         0.        ]
 [0.         0.         0.         0.         0.         0.
  0.         0.        ]]
trace:  8.000000980521456
