Optimal L:
 [[2.74331466 0.         2.74332906 0.         0.         0.
  0.         0.        ]
 [0.         1.18716926 0.         0.         0.         0.
  1.18718367 0.        ]
 [2.74332906 0.         2.74331556 0.         0.         0.
  0.         0.        ]
 [0.         0.         0.         0.         0.         0.
  0.         0.        ]
 [0.         0.         0.         0.         0.         0.
  0.         0.        ]
 [0.         0.         0.         0.         0.         0.
  0.         0.        ]
 [0.         1.18718367 0.         0.         0.         0.
  1.18716968 0.        ]
 [0.         0.         0.         0.         0.         0.
  0.         0.        ]]
trace:  7.860969162034933
