Optimal L:
 [[2.15176178 0.240485   1.68535584 0.         0.         0.22592144
  0.         0.        ]
 [0.240485   1.16549888 0.         0.         0.         0.
  0.89458306 0.        ]
 [1.68535584 0.         1.68535467 0.         0.         0.
  0.         0.        ]
 [0.         0.         0.         0.52873089 0.52873195 0.
  0.         0.        ]
 [0.         0.         0.         0.52873195 0.52873089 0.
  0.         0.        ]
 [0.22592144 0.         0.         0.         0.         0.25635195
  0.         0.        ]
 [0.         0.89458306 0.         0.         0.         0.
  1.28907721 0.3944949 ]
 [0.         0.         0.         0.         0.         0.
  0.3944949  0.39449374]]
trace:  8.000000000520238
