Optimal L:
 [[2.52814135 0.         2.44517409 0.         0.         0.
  0.         0.        ]
 [0.         1.20278138 0.         0.         0.         0.
  1.11981506 0.        ]
 [2.44517409 0.         2.44517129 0.         0.         0.
  0.         0.        ]
 [0.         0.         0.         0.23776834 0.23777062 0.
  0.         0.        ]
 [0.         0.         0.         0.23777062 0.23776834 0.
  0.         0.        ]
 [0.         0.         0.         0.         0.         0.
  0.         0.        ]
 [0.         1.11981506 0.         0.         0.         0.
  1.23409571 0.1142819 ]
 [0.         0.         0.         0.         0.         0.
  0.1142819  0.11427902]]
trace:  8.000005433081869
