Optimal L:
 [[1.83360818 0.26864609 1.2934916  0.         0.         0.27147036
  0.         0.        ]
 [0.26864609 1.17343756 0.         0.         0.         0.16334189
  0.74144939 0.        ]
 [1.2934916  0.         1.2934921  0.         0.         0.
  0.         0.        ]
 [0.         0.         0.         0.69564659 0.59249913 0.
  0.         0.10314724]
 [0.         0.         0.         0.59249913 0.59249958 0.
  0.         0.        ]
 [0.27147036 0.16334189 0.         0.         0.         0.57070574
  0.         0.13589324]
 [0.         0.74144939 0.         0.         0.         0.
  1.17150965 0.43005995]
 [0.         0.         0.         0.10314724 0.         0.13589324
  0.43005995 0.6691006 ]]
trace:  7.999999999851569
