Optimal L:
 [[2.24249534 0.21546564 1.85893473 0.         0.         0.16809498
  0.         0.        ]
 [0.21546564 1.16800629 0.         0.         0.         0.
  0.95254065 0.        ]
 [1.85893473 0.         1.85893473 0.         0.         0.
  0.         0.        ]
 [0.         0.         0.         0.46939452 0.46939452 0.
  0.         0.        ]
 [0.         0.         0.         0.46939452 0.46939452 0.
  0.         0.        ]
 [0.16809498 0.         0.         0.         0.         0.16809497
  0.         0.        ]
 [0.         0.95254065 0.         0.         0.         0.
  1.28811014 0.33556949]
 [0.         0.         0.         0.         0.         0.
  0.33556949 0.33556949]]
trace:  8.000000000003126
