Optimal L:
 [[1.7042643  0.27443909 1.14126526 0.         0.         0.28855975
  0.         0.        ]
 [0.27443909 1.17012204 0.         0.         0.         0.21132001
  0.6843622  0.        ]
 [1.14126526 0.         1.14126867 0.         0.         0.
  0.         0.        ]
 [0.         0.         0.         0.75000202 0.59241095 0.
  0.         0.15758944]
 [0.         0.         0.         0.59241095 0.64678771 0.
  0.         0.        ]
 [0.28855975 0.21132001 0.         0.         0.         0.67274432
  0.         0.17286291]
 [0.         0.6843622  0.         0.         0.         0.
  1.10717383 0.42280954]
 [0.         0.         0.         0.15758944 0.         0.17286291
  0.42280954 0.80763711]]
trace:  7.999999999467544
