Optimal L:
 [[2.44855626 0.12582798 2.32273961 0.         0.         0.
  0.         0.        ]
 [0.12582798 1.20872711 0.         0.         0.         0.
  1.08291635 0.        ]
 [2.32273961 0.         2.32271768 0.         0.         0.
  0.         0.        ]
 [0.         0.         0.         0.29743022 0.29744892 0.
  0.         0.        ]
 [0.         0.         0.         0.29744892 0.29743021 0.
  0.         0.        ]
 [0.         0.         0.         0.         0.         0.
  0.         0.        ]
 [0.         1.08291635 0.         0.         0.         0.
  1.25405354 0.17114811]
 [0.         0.         0.         0.         0.         0.
  0.17114811 0.17112535]]
trace:  8.000040366072366
