Optimal L:
 [[1.35837256 0.2961877  0.79005102 0.         0.         0.27213263
  0.         0.        ]
 [0.2961877  1.11322268 0.         0.         0.         0.2340295
  0.53197918 0.        ]
 [0.79005102 0.         0.92106929 0.         0.         0.13101494
  0.         0.        ]
 [0.         0.         0.         0.83889501 0.50834488 0.
  0.         0.24092638]
 [0.         0.         0.         0.50834488 0.81561483 0.12695081
  0.         0.18031657]
 [0.27213263 0.2340295  0.13101494 0.         0.12695081 0.94240194
  0.         0.17827402]
 [0.         0.53197918 0.         0.         0.         0.
  0.99074272 0.37211207]
 [0.         0.         0.         0.24092638 0.18031657 0.17827402
  0.37211207 1.01968095]]
trace:  7.999999986983504
