Optimal L:
 [[1.6822664  0.27515002 1.11563633 0.         0.         0.29147979
  0.         0.        ]
 [0.27515002 1.16930279 0.         0.         0.         0.21930125
  0.67485086 0.        ]
 [1.11563633 0.         1.11563909 0.         0.         0.
  0.         0.        ]
 [0.         0.         0.         0.75730299 0.5911953  0.
  0.         0.1661063 ]
 [0.         0.         0.         0.5911953  0.6587802  0.
  0.         0.        ]
 [0.29147979 0.21930125 0.         0.         0.         0.6888311
  0.         0.17804871]
 [0.         0.67485086 0.         0.         0.         0.
  1.09549568 0.42064308]
 [0.         0.         0.         0.1661063  0.         0.17804871
  0.42064308 0.83238175]]
trace:  7.999999999486855
