Optimal L:
 [[1.66218135 0.27579919 1.09223592 0.         0.         0.29414599
  0.         0.        ]
 [0.27579919 1.1685548  0.         0.         0.         0.22658851
  0.66616655 0.        ]
 [1.09223592 0.         1.09223806 0.         0.         0.
  0.         0.        ]
 [0.         0.         0.         0.76396907 0.59008531 0.
  0.         0.17388264]
 [0.         0.         0.         0.59008531 0.66972988 0.
  0.         0.        ]
 [0.29414599 0.22658851 0.         0.         0.         0.70351908
  0.         0.18278351]
 [0.         0.66616655 0.         0.         0.         0.
  1.08483296 0.41866504]
 [0.         0.         0.         0.17388264 0.         0.18278351
  0.41866504 0.85497479]]
trace:  7.999999999556762
