Optimal L:
 [[1.85162705 0.26731474 1.31519651 0.         0.         0.26911565
  0.         0.        ]
 [0.26731474 1.17341061 0.         0.         0.         0.15631592
  0.74977971 0.        ]
 [1.31519651 0.         1.31519711 0.         0.         0.
  0.         0.        ]
 [0.         0.         0.         0.68435696 0.59021377 0.
  0.         0.        ]
 [0.         0.         0.         0.59021377 0.59021432 0.
  0.         0.        ]
 [0.26911565 0.15631592 0.         0.         0.         0.55406664
  0.         0.12863477]
 [0.         0.74977971 0.         0.         0.         0.
  1.17906475 0.42928467]
 [0.         0.         0.         0.         0.         0.12863477
  0.42928467 0.65206256]]
trace:  7.9999999998284945
