Optimal L:
 [[2.27326006 0.20242606 1.93056748 0.         0.         0.14026825
  0.         0.        ]
 [0.20242606 1.1749974  0.         0.         0.         0.
  0.9725715  0.        ]
 [1.93056748 0.         1.93056766 0.         0.         0.
  0.         0.        ]
 [0.         0.         0.         0.44343211 0.44343345 0.
  0.         0.        ]
 [0.         0.         0.         0.44343345 0.44343211 0.
  0.         0.        ]
 [0.14026825 0.         0.         0.         0.         0.14026792
  0.         0.        ]
 [0.         0.9725715  0.         0.         0.         0.
  1.28330662 0.31073679]
 [0.         0.         0.         0.         0.         0.
  0.31073679 0.31073611]]
trace:  8.000000001015447
