Optimal L:
 [[1.78492404 0.2718338  1.23523686 0.         0.         0.27785493
  0.         0.        ]
 [0.2718338  1.17312724 0.         0.         0.         0.18205711
  0.71923698 0.        ]
 [1.23523686 0.         1.23523935 0.         0.         0.
  0.         0.        ]
 [0.         0.         0.         0.72323149 0.59686854 0.
  0.         0.12636292]
 [0.         0.         0.         0.59686854 0.60281533 0.
  0.         0.        ]
 [0.27785493 0.18205711 0.         0.         0.         0.61376025
  0.         0.15384753]
 [0.         0.71923698 0.         0.         0.         0.
  1.14999194 0.43075419]
 [0.         0.         0.         0.12636292 0.         0.15384753
  0.43075419 0.71691035]]
trace:  8.000000000984961
