Optimal L:
 [[1.58244039 0.28056041 1.00708601 0.         0.         0.29479396
  0.         0.        ]
 [0.28056041 1.15829018 0.         0.         0.         0.2439408
  0.63378892 0.        ]
 [1.00708601 0.         1.00708623 0.         0.         0.
  0.         0.        ]
 [0.         0.         0.         0.7808291  0.57480676 0.
  0.         0.20602223]
 [0.         0.         0.         0.57480676 0.72869263 0.
  0.         0.11386312]
 [0.29479396 0.2439408  0.         0.         0.         0.77157312
  0.         0.19281558]
 [0.         0.63378892 0.         0.         0.         0.
  1.04608822 0.41229918]
 [0.         0.         0.         0.20602223 0.11386312 0.19281558
  0.41229918 0.92500014]]
trace:  7.999999999972092
