Optimal L:
 [[2.62221196 0.         2.58988416 0.         0.         0.
  0.         0.        ]
 [0.         1.19576079 0.         0.         0.         0.
  1.16343294 0.        ]
 [2.58988416 0.         2.58988422 0.         0.         0.
  0.         0.        ]
 [0.         0.         0.         0.16726195 0.16726191 0.
  0.         0.        ]
 [0.         0.         0.         0.16726191 0.16726195 0.
  0.         0.        ]
 [0.         0.         0.         0.         0.         0.
  0.         0.        ]
 [0.         1.16343294 0.         0.         0.         0.
  1.21052594 0.        ]
 [0.         0.         0.         0.         0.         0.
  0.         0.        ]]
trace:  7.952906799561209
