Optimal L:
 [[1.64377017 0.27639433 1.07078559 0.         0.         0.2965901
  0.         0.        ]
 [0.27639433 1.16786924 0.         0.         0.         0.23326859
  0.658206   0.        ]
 [1.07078559 0.         1.07078684 0.         0.         0.
  0.         0.        ]
 [0.         0.         0.         0.77007962 0.58906791 0.
  0.         0.18101105]
 [0.         0.         0.         0.58906791 0.67976705 0.
  0.         0.        ]
 [0.2965901  0.23326859 0.         0.         0.         0.71698307
  0.         0.18712375]
 [0.         0.658206   0.         0.         0.         0.
  1.07505871 0.41685191]
 [0.         0.         0.         0.18101105 0.         0.18712375
  0.41685191 0.8756853 ]]
trace:  7.999999999741087
