Optimal L:
 [[1.89126858 0.2643858  1.36294728 0.         0.         0.26393532
  0.         0.        ]
 [0.2643858  1.17335132 0.         0.         0.         0.14085881
  0.7681064  0.        ]
 [1.36294728 0.         1.3629481  0.         0.         0.
  0.         0.        ]
 [0.         0.         0.         0.65951978 0.585186   0.
  0.         0.        ]
 [0.         0.         0.         0.585186   0.58518674 0.
  0.         0.        ]
 [0.26393532 0.14085881 0.         0.         0.         0.51746063
  0.         0.11266612]
 [0.         0.7681064  0.         0.         0.         0.
  1.19568596 0.42757906]
 [0.         0.         0.         0.         0.         0.11266612
  0.42757906 0.61457889]]
trace:  7.999999999789746
