Optimal L:
 [[2.74330883 0.         2.74330825 0.         0.         0.
  0.         0.        ]
 [0.         1.1871611  0.         0.         0.         0.
  1.18716057 0.        ]
 [2.74330825 0.         2.74330882 0.         0.         0.
  0.         0.        ]
 [0.         0.         0.         0.         0.         0.
  0.         0.        ]
 [0.         0.         0.         0.         0.         0.
  0.         0.        ]
 [0.         0.         0.         0.         0.         0.
  0.         0.        ]
 [0.         1.18716057 0.         0.         0.         0.
  1.1871611  0.        ]
 [0.         0.         0.         0.         0.         0.
  0.         0.        ]]
trace:  7.860939849440005
