Optimal L:
 [[1.63418205 0.27698232 1.06060167 0.         0.         0.29659818
  0.         0.        ]
 [0.27698232 1.16658381 0.         0.         0.         0.23527374
  0.65432779 0.        ]
 [1.06060167 0.         1.06060185 0.         0.         0.
  0.         0.        ]
 [0.         0.         0.         0.77203922 0.58715448 0.
  0.         0.18488472]
 [0.         0.         0.         0.58715448 0.686966   0.
  0.         0.        ]
 [0.29659818 0.23527374 0.         0.         0.         0.7252348
  0.         0.18826843]
 [0.         0.65432779 0.         0.         0.         0.
  1.0704249  0.41609709]
 [0.         0.         0.         0.18488472 0.         0.18826843
  0.41609709 0.88396737]]
trace:  8.000000000066777
