Optimal L:
 [[1.50026585 0.29014045 0.92363732 0.         0.         0.28648808
  0.         0.        ]
 [0.29014045 1.14017445 0.         0.         0.         0.24405601
  0.60597799 0.        ]
 [0.92363732 0.         0.97474376 0.         0.         0.
  0.         0.        ]
 [0.         0.         0.         0.78927757 0.55787291 0.
  0.         0.23140466]
 [0.         0.         0.         0.55787291 0.77186108 0.
  0.         0.14007439]
 [0.28648808 0.24405601 0.         0.         0.         0.84434462
  0.         0.1887803 ]
 [0.         0.60597799 0.         0.         0.         0.
  1.01252565 0.40654767]
 [0.         0.         0.         0.23140466 0.14007439 0.1887803
  0.40654767 0.96680702]]
trace:  8.00000000000669
