Optimal L:
 [[1.7414916  0.27323625 1.18463702 0.         0.         0.28361852
  0.         0.        ]
 [0.27323625 1.17150868 0.         0.         0.         0.19781359
  0.70045825 0.        ]
 [1.18463702 0.         1.18464107 0.         0.         0.
  0.         0.        ]
 [0.         0.         0.         0.73764648 0.59446818 0.
  0.         0.14317666]
 [0.         0.         0.         0.59446818 0.62649274 0.
  0.         0.        ]
 [0.28361852 0.19781359 0.         0.         0.         0.64552069
  0.         0.16408675]
 [0.         0.70045825 0.         0.         0.         0.
  1.12693656 0.42647602]
 [0.         0.         0.         0.14317666 0.         0.16408675
  0.42647602 0.76576218]]
trace:  7.999999999715742
