Optimal L:
 [[1.98884779 0.25717658 1.48048715 0.         0.         0.25118404
  0.         0.        ]
 [0.25717658 1.17320562 0.         0.         0.         0.10281091
  0.81321792 0.        ]
 [1.48048715 0.         1.48048801 0.         0.         0.
  0.         0.        ]
 [0.         0.         0.         0.59838239 0.57281019 0.
  0.         0.        ]
 [0.         0.         0.         0.57281019 0.57281089 0.
  0.         0.        ]
 [0.25118404 0.10281091 0.         0.         0.         0.42735392
  0.         0.        ]
 [0.         0.81321792 0.         0.         0.         0.
  1.23659943 0.4233811 ]
 [0.         0.         0.         0.         0.         0.
  0.4233811  0.52231196]]
trace:  7.9999999999323235
