Optimal L:
 [[1.75520701 0.27279325 1.20061599 0.         0.         0.28179826
  0.         0.        ]
 [0.27279325 1.17201967 0.         0.         0.         0.1928377
  0.70638837 0.        ]
 [1.20061599 0.         1.20061993 0.         0.         0.
  0.         0.        ]
 [0.         0.         0.         0.73309441 0.59522614 0.
  0.         0.13786688]
 [0.         0.         0.         0.59522614 0.61901565 0.
  0.         0.        ]
 [0.28179826 0.1928377  0.         0.         0.         0.63549101
  0.         0.16085337]
 [0.         0.70638837 0.         0.         0.         0.
  1.13421739 0.42782693]
 [0.         0.         0.         0.13786688 0.         0.16085337
  0.42782693 0.75033493]]
trace:  7.999999999969516
