Optimal L:
 [[1.87080844 0.2658975  1.33830173 0.         0.         0.26660904
  0.         0.        ]
 [0.2658975  1.17338191 0.         0.         0.         0.14883667
  0.75864747 0.        ]
 [1.33830173 0.         1.33830244 0.         0.         0.
  0.         0.        ]
 [0.         0.         0.         0.67233897 0.58778098 0.
  0.         0.        ]
 [0.         0.         0.         0.58778098 0.58778162 0.
  0.         0.        ]
 [0.26660904 0.14883667 0.         0.         0.         0.53635405
  0.         0.120908  ]
 [0.         0.75864747 0.         0.         0.         0.
  1.18710727 0.42845937]
 [0.         0.         0.         0.         0.         0.120908
  0.42845937 0.63392529]]
trace:  7.999999999806331
