Optimal L:
 [[2.18748337 0.23650952 1.73722351 0.         0.         0.21375106
  0.         0.        ]
 [0.23650952 1.15857409 0.         0.         0.         0.
  0.91691212 0.        ]
 [1.73722351 0.         1.73722184 0.         0.         0.
  0.         0.        ]
 [0.         0.         0.         0.51290073 0.51290225 0.
  0.         0.        ]
 [0.         0.         0.         0.51290225 0.51290073 0.
  0.         0.        ]
 [0.21375106 0.         0.         0.         0.         0.21890307
  0.         0.        ]
 [0.         0.91691212 0.         0.         0.         0.
  1.29446445 0.37755339]
 [0.         0.         0.         0.         0.         0.
  0.37755339 0.37755173]]
trace:  8.000000000743785
