Optimal L:
 [[2.30787596 0.18775773 2.01115666 0.         0.         0.1089658
  0.         0.        ]
 [0.18775773 1.18286167 0.         0.         0.         0.
  0.9951084  0.        ]
 [2.01115666 0.         2.01115115 0.         0.         0.
  0.         0.        ]
 [0.         0.         0.         0.4142245  0.41423133 0.
  0.         0.        ]
 [0.         0.         0.         0.41423133 0.4142245  0.
  0.         0.        ]
 [0.1089658  0.         0.         0.         0.         0.10895937
  0.         0.        ]
 [0.         0.9951084  0.         0.         0.         0.
  1.2779061  0.2828032 ]
 [0.         0.         0.         0.         0.         0.
  0.2828032  0.28279674]]
trace:  8.000000003754224
