Optimal L:
 [[1.43420995 0.29491138 0.85995759 0.         0.         0.27934098
  0.         0.        ]
 [0.29491138 1.12519103 0.         0.         0.         0.24103638
  0.57426107 0.        ]
 [0.85995759 0.         0.94978659 0.         0.         0.
  0.         0.        ]
 [0.         0.         0.         0.80941433 0.53653282 0.
  0.         0.23972445]
 [0.         0.         0.         0.53653282 0.79541861 0.
  0.         0.16002226]
 [0.27934098 0.24103638 0.         0.         0.         0.89361518
  0.         0.18454529]
 [0.         0.57426107 0.         0.         0.         0.
  1.00025413 0.39283599]
 [0.         0.         0.         0.23972445 0.16002226 0.18454529
  0.39283599 0.99211019]]
trace:  8.000000000000245
