Optimal L:
 [[1.91313977 0.26276987 1.3892925  0.         0.         0.26107722
  0.         0.        ]
 [0.26276987 1.17331862 0.         0.         0.         0.13233077
  0.77821766 0.        ]
 [1.3892925  0.         1.38929341 0.         0.         0.
  0.         0.        ]
 [0.         0.         0.         0.64581653 0.58241207 0.
  0.         0.        ]
 [0.         0.         0.         0.58241207 0.58241288 0.
  0.         0.        ]
 [0.26107722 0.13233077 0.         0.         0.         0.49726424
  0.         0.10385582]
 [0.         0.77821766 0.         0.         0.         0.
  1.20485626 0.42663807]
 [0.         0.         0.         0.         0.         0.10385582
  0.42663807 0.59389828]]
trace:  7.999999999783615
