Optimal L:
 [[2.74330579 0.         2.7433041  0.         0.         0.
  0.         0.        ]
 [0.         1.18716001 0.         0.         0.         0.
  1.18715832 0.        ]
 [2.7433041  0.         2.74330578 0.         0.         0.
  0.         0.        ]
 [0.         0.         0.         0.         0.         0.
  0.         0.        ]
 [0.         0.         0.         0.         0.         0.
  0.         0.        ]
 [0.         0.         0.         0.         0.         0.
  0.         0.        ]
 [0.         1.18715832 0.         0.         0.         0.
  1.18716001 0.        ]
 [0.         0.         0.         0.         0.         0.
  0.         0.        ]]
trace:  7.8609315858776245
