Optimal L:
 [[1.76966388 0.27232641 1.21745862 0.         0.         0.27987977
  0.         0.        ]
 [0.27232641 1.1725584  0.         0.         0.         0.18759298
  0.71263903 0.        ]
 [1.21745862 0.         1.21746211 0.         0.         0.
  0.         0.        ]
 [0.         0.         0.         0.72829625 0.59602511 0.
  0.         0.13227024]
 [0.         0.         0.         0.59602511 0.61113441 0.
  0.         0.        ]
 [0.27987977 0.18759298 0.         0.         0.         0.62491924
  0.         0.15744515]
 [0.         0.71263903 0.         0.         0.         0.
  1.14189161 0.42925094]
 [0.         0.         0.         0.13227024 0.         0.15744515
  0.42925094 0.73407409]]
trace:  8.000000000366866
