Optimal L:
 [[2.1168747  0.24444447 1.63781139 0.         0.         0.23461189
  0.         0.        ]
 [0.24444447 1.16996007 0.         0.         0.         0.
  0.8747567  0.        ]
 [1.63781139 0.         1.63782912 0.         0.         0.
  0.         0.        ]
 [0.         0.         0.         0.54224224 0.54222691 0.
  0.         0.        ]
 [0.         0.         0.         0.54222691 0.5422422  0.
  0.         0.        ]
 [0.23461189 0.         0.         0.         0.         0.29399339
  0.         0.        ]
 [0.         0.8747567  0.         0.         0.         0.
  1.28149603 0.40672812]
 [0.         0.         0.         0.         0.         0.
  0.40672812 0.41536224]]
trace:  7.999999993440346
