Optimal L:
 [[1.53851974 0.28557471 0.96244236 0.         0.         0.2905027
  0.         0.        ]
 [0.28557471 1.14874224 0.         0.         0.         0.24437387
  0.6187937  0.        ]
 [0.96244236 0.         0.98836687 0.         0.         0.
  0.         0.        ]
 [0.         0.         0.         0.7854946  0.56568315 0.
  0.         0.2198115 ]
 [0.         0.         0.         0.56568315 0.75239402 0.
  0.         0.12798674]
 [0.2905027  0.24437387 0.         0.         0.         0.81049046
  0.         0.19096516]
 [0.         0.6187937  0.         0.         0.         0.
  1.02801117 0.40921752]
 [0.         0.         0.         0.2198115  0.12798674 0.19096516
  0.40921752 0.9479809 ]]
trace:  8.000000000029306
