Optimal L:
 [[1.65277983 0.27610307 1.08128251 0.         0.         0.29539401
  0.         0.        ]
 [0.27610307 1.16820469 0.         0.         0.         0.22999957
  0.66210155 0.        ]
 [1.08128251 0.         1.08128438 0.         0.         0.
  0.         0.        ]
 [0.         0.         0.         0.76708937 0.58956573 0.
  0.         0.17752265]
 [0.         0.         0.         0.58956573 0.67485526 0.
  0.         0.        ]
 [0.29539401 0.22999957 0.         0.         0.         0.71039431
  0.         0.18499978]
 [0.         0.66210155 0.         0.         0.         0.
  1.0798419  0.41773915]
 [0.         0.         0.         0.17752265 0.         0.18499978
  0.41773915 0.86555027]]
trace:  7.999999999594834
