Optimal L:
 [[2.39192393 0.15212437 2.20686814 0.         0.         0.
  0.         0.        ]
 [0.15212437 1.20195661 0.         0.         0.         0.
  1.04983108 0.        ]
 [2.20686814 0.         2.20686975 0.         0.         0.
  0.         0.        ]
 [0.         0.         0.         0.3432939  0.34329265 0.
  0.         0.        ]
 [0.         0.         0.         0.34329265 0.3432939  0.
  0.         0.        ]
 [0.         0.         0.         0.         0.         0.
  0.         0.        ]
 [0.         1.04983108 0.         0.         0.         0.
  1.26477978 0.21494798]
 [0.         0.         0.         0.         0.         0.
  0.21494798 0.21494944]]
trace:  7.967067315549475
