Optimal L:
 [[2.214966   0.22713308 1.79483978 0.         0.         0.19299197
  0.         0.        ]
 [0.22713308 1.1617519  0.         0.         0.         0.
  0.93461662 0.        ]
 [1.79483978 0.         1.79484257 0.         0.         0.
  0.         0.        ]
 [0.         0.         0.         0.49262409 0.49262144 0.
  0.         0.        ]
 [0.         0.         0.         0.49262144 0.49262409 0.
  0.         0.        ]
 [0.19299197 0.         0.         0.         0.         0.19299501
  0.         0.        ]
 [0.         0.93461662 0.         0.         0.         0.
  1.29240594 0.35778752]
 [0.         0.         0.         0.         0.         0.
  0.35778752 0.35779039]]
trace:  7.999999998636366
