Optimal L:
 [[1.71606806 0.27405766 1.15501731 0.         0.         0.28699296
  0.         0.        ]
 [0.27405766 1.17056167 0.         0.         0.         0.20703744
  0.68946583 0.        ]
 [1.15501731 0.         1.15502102 0.         0.         0.
  0.         0.        ]
 [0.         0.         0.         0.74608442 0.59306324 0.
  0.         0.15301948]
 [0.         0.         0.         0.59306324 0.64035272 0.
  0.         0.        ]
 [0.28699296 0.20703744 0.         0.         0.         0.66411241
  0.         0.17008025]
 [0.         0.68946583 0.         0.         0.         0.
  1.11344011 0.42397206]
 [0.         0.         0.         0.15301948 0.         0.17008025
  0.42397206 0.79435959]]
trace:  7.9999999995017825
