Optimal L:
 [[1.81664924 0.26989913 1.27306344 0.         0.         0.27368656
  0.         0.        ]
 [0.26989913 1.17346294 0.         0.         0.         0.16995457
  0.73360908 0.        ]
 [1.27306344 0.         1.27306383 0.         0.         0.
  0.         0.        ]
 [0.         0.         0.         0.70627212 0.59465006 0.
  0.         0.11162189]
 [0.         0.         0.         0.59465006 0.59465041 0.
  0.         0.        ]
 [0.27368656 0.16995457 0.         0.         0.         0.58636608
  0.         0.14272475]
 [0.         0.73360908 0.         0.         0.         0.
  1.16439897 0.43078964]
 [0.         0.         0.         0.11162189 0.         0.14272475
  0.43078964 0.68513642]]
trace:  7.999999999882759
