Optimal L:
 [[1.46653921 0.29414243 0.88991759 0.         0.         0.28247919
  0.         0.        ]
 [0.29414243 1.13074054 0.         0.         0.         0.24379203
  0.59220638 0.        ]
 [0.88991759 0.         0.96207022 0.         0.         0.
  0.         0.        ]
 [0.         0.         0.         0.7972956  0.54833578 0.
  0.         0.23895134]
 [0.         0.         0.         0.54833578 0.78660623 0.
  0.         0.15140311]
 [0.28247919 0.24379203 0.         0.         0.         0.87258492
  0.         0.18729374]
 [0.         0.59220638 0.         0.         0.         0.
  1.00406513 0.40185026]
 [0.         0.         0.         0.23895134 0.15140311 0.18729374
  0.40185026 0.98009815]]
trace:  8.000000000000611
