Optimal L:
 [[1.96174244 0.25917904 1.4478373  0.         0.         0.25472599
  0.         0.        ]
 [0.25917904 1.17324603 0.         0.         0.         0.11337969
  0.80068702 0.        ]
 [1.4478373  0.         1.44783827 0.         0.         0.
  0.         0.        ]
 [0.         0.         0.         0.61536493 0.57624786 0.
  0.         0.        ]
 [0.         0.         0.         0.57624786 0.57624868 0.
  0.         0.        ]
 [0.25472599 0.11337969 0.         0.         0.         0.45238348
  0.         0.        ]
 [0.         0.80068702 0.         0.         0.         0.
  1.22523464 0.4245471 ]
 [0.         0.         0.         0.         0.         0.
  0.4245471  0.54794153]]
trace:  7.999999999840125
