Optimal L:
 [[1.69300956 0.27480281 1.1281528  0.         0.         0.29005371
  0.         0.        ]
 [0.27480281 1.16970288 0.         0.         0.         0.21540342
  0.67949594 0.        ]
 [1.1281528  0.         1.12815588 0.         0.         0.
  0.         0.        ]
 [0.         0.         0.         0.7537374  0.59178899 0.
  0.         0.16194689]
 [0.         0.         0.         0.59178899 0.6529234  0.
  0.         0.        ]
 [0.29005371 0.21540342 0.         0.         0.         0.68097476
  0.         0.17551612]
 [0.         0.67949594 0.         0.         0.         0.
  1.10119897 0.42170111]
 [0.         0.         0.         0.16194689 0.         0.17551612
  0.42170111 0.82029714]]
trace:  7.999999999466963
