Optimal L:
 [[2.08158141 0.24855418 1.59387172 0.         0.         0.23915027
  0.         0.        ]
 [0.24855418 1.17141429 0.         0.         0.         0.
  0.85736037 0.        ]
 [1.59387172 0.         1.59388503 0.         0.         0.
  0.         0.        ]
 [0.         0.         0.         0.55330024 0.55328872 0.
  0.         0.        ]
 [0.         0.         0.         0.55328872 0.5533002  0.
  0.         0.        ]
 [0.23915027 0.         0.         0.         0.         0.33353272
  0.         0.        ]
 [0.         0.85736037 0.         0.         0.         0.
  1.27073177 0.41336298]
 [0.         0.         0.         0.         0.         0.
  0.41336298 0.44225433]]
trace:  7.999999995026151
