Optimal L:
 [[1.62469607 0.27763829 1.05079046 0.         0.         0.2962674
  0.         0.        ]
 [0.27763829 1.16506331 0.         0.         0.         0.23686269
  0.65056232 0.        ]
 [1.05079046 0.         1.05079068 0.         0.         0.
  0.         0.        ]
 [0.         0.         0.         0.77365071 0.58489073 0.
  0.         0.18875992]
 [0.         0.         0.         0.58489073 0.69461587 0.
  0.         0.        ]
 [0.2962674  0.23686269 0.         0.         0.         0.73373014
  0.         0.18910208]
 [0.         0.65056232 0.         0.         0.         0.
  1.06596319 0.4154008 ]
 [0.         0.         0.         0.18875992 0.         0.18910208
  0.4154008  0.89149002]]
trace:  8.000000000033857
