Optimal L:
 [[1.72846202 0.27365719 1.16945694 0.         0.         0.28534788
  0.         0.        ]
 [0.27365719 1.17102331 0.         0.         0.         0.20254078
  0.69482464 0.        ]
 [1.16945694 0.         1.16946089 0.         0.         0.
  0.         0.        ]
 [0.         0.         0.         0.74197094 0.59374814 0.
  0.         0.14822106]
 [0.         0.         0.         0.59374814 0.63359598 0.
  0.         0.        ]
 [0.28534788 0.20254078 0.         0.         0.         0.65504893
  0.         0.16715843]
 [0.         0.69482464 0.         0.         0.         0.
  1.12001967 0.42519272]
 [0.         0.         0.         0.14822106 0.         0.16715843
  0.42519272 0.78041827]]
trace:  7.999999999567674
