Optimal L:
 [[1.9365732  0.26103854 1.41751949 0.         0.         0.258015
  0.         0.        ]
 [0.26103854 1.17328361 0.         0.         0.         0.12319362
  0.78905112 0.        ]
 [1.41751949 0.         1.41752046 0.         0.         0.
  0.         0.        ]
 [0.         0.         0.         0.63113449 0.57944002 0.
  0.         0.        ]
 [0.         0.         0.         0.57944002 0.57944087 0.
  0.         0.        ]
 [0.258015   0.12319362 0.         0.         0.         0.47562528
  0.         0.        ]
 [0.         0.78905112 0.         0.         0.         0.
  1.21468157 0.4256299 ]
 [0.         0.         0.         0.         0.         0.
  0.4256299  0.57174053]]
trace:  7.999999999796238
