Optimal L:
 [[1.67200071 0.27548181 1.10367613 0.         0.         0.29284251
  0.         0.        ]
 [0.27548181 1.16892049 0.         0.         0.         0.22302584
  0.67041222 0.        ]
 [1.10367613 0.         1.10367857 0.         0.         0.
  0.         0.        ]
 [0.         0.         0.         0.7607101  0.59062798 0.
  0.         0.17008087]
 [0.         0.         0.         0.59062798 0.6643767  0.
  0.         0.        ]
 [0.29284251 0.22302584 0.         0.         0.         0.69633829
  0.         0.18046872]
 [0.         0.67041222 0.         0.         0.         0.
  1.09004585 0.41963208]
 [0.         0.         0.         0.17008087 0.         0.18046872
  0.41963208 0.8439293 ]]
trace:  7.999999999519144
